#ifndef Mapping_H_
#define Mapping_H_

#include <iostream>
#include <vector>

using namespace std;

// define the difgeom types 

//typedef unsigned int uint;
//typedef vector<uint> uintVec;

//struct LayerID{
  //uint K;
  //double DifX;
  //double DifY;
 // double IncX;
  //double IncY;
//};






//      (I Axis)
// 7	|46|63|61|59|58|56|54|52|  	
// 6	|43|45|62|60|57|55|53|51|  	     
// 5	|42|44|47|48|49|50|41|40|  	     
// 4	|32|33|34|35|36|37|38|39|  	     
// 3	|31|30|29|28|27|26|25|24|  	     TOP VIEW (ASICs SIDE)
// 2	|20|19|16|15|14|21|22|23|  	
// 1	|18|00|02|04|06|09|11|13| 
// 0	|17|01|03|05|07|08|10|12|   
//     0  1  2  3  4  5  6  7    (J Axis)  ----->
//				|	 |
//				|DIFF|
//				|____|	
//=====================================

const unsigned short MapILargeHR2[64] =
  {1,0,1,0,1,0,1,0,0,1,0,1,0,1,2,2,
   2,0,1,2,2,2,2,2,3,3,3,3,3,3,3,3,
   4,4,4,4,4,4,4,4,5,5,5,6,5,6,7,5,
   5,5,5,6,7,6,7,6,7,6,7,7,6,7,6,7};
const unsigned short AsicShiftI[49]=
  {	0,	0,	0,	0,	0,	8,	8,
	8,	8,	16,	16,	16,	16,	24,
	24,	24,	24,	32,	32,	32,	32,
	40,	40,	40,	40,	48,	48,	48,
	48,	56,	56,	56,	56,	64,	64,
	64,	64,	72,	72,	72,	72,	80,
	80,	80,	80,	88,	88,	88,	88};
	
	
const unsigned short MapJLargeHR2[64] = 
  {1,1,2,2,3,3,4,4,5,5,6,6,7,7,4,3,
   2,0,0,1,0,5,6,7,7,6,5,4,3,2,1,0,
   0,1,2,3,4,5,6,7,7,6,0,0,1,1,0,2,
   3,4,5,7,7,6,6,5,5,4,4,3,3,2,2,1};
const unsigned short AsicShiftJ[49]=
  {	0,	0,	8,	16,	24,	24,	16,
	8,	0,	0,	8,	16,	24,	24,
	16,	8,	0,	0,	8,	16,	24,
	24,	16,	8,	0,	0,	8,	16,
	24,	24,	16,	8,	0,	0,	8,
	16,	24,	24,	16,	8,	0,	0,
	8,	16,	24,	24,	16,	8,	0};



const unsigned short MapChannelLargeHR2[8/*I%8*/][8/*J%8*/]=
  { 
    {17, 1, 3, 5, 7, 8,10,12},
    {18, 0, 2, 4, 6, 9,11,13},
    {20,19,16,15,14,21,22,23},
    {31,30,29,28,27,26,25,24},
    {32,33,34,35,36,37,38,39},
    {42,44,47,48,49,50,41,40},
    {43,45,62,60,57,55,53,51},
    {46,63,61,59,58,56,54,52}
  };


const unsigned short MapAsicLargeHR2[12/*I/8*/][4/*J/8*/]=
  {
    { 4, 3, 2, 1},
    { 5, 6, 7, 8},
    {12,11,10, 9},
    {13,14,15,16},
    {20,19,18,17},
    {21,22,23,24},
    {28,27,26,25},
    {29,30,31,32},
    {36,35,34,33},
    {37,38,39,40},
    {44,43,42,41},
    {45,46,47,48}
  };


// cell id decoder

#endif
